002
028
029
030
031
037
071
100
101
102
103
104
105
106
107
108
109
1101
111
113
114
115
116
117
118
119
119A
120
1200
121
121A
121B
122
123
124
125
126
128
129
1304
1307
137
141
149
156
1642
1714
1819
185
200
202
204
205
207
208
209
2152
218
224
225
226
227
228
229
230
2302
2304
2306
231
2310
2315
232
233
234
235
236
237
238
241
246B
2511
2520
2529
2531
259
265
272
282
286
300
301
302
303
304
305
306
307
308
309
310
311
312
313
314
315
316
317
318
319
320
321
322
323
324
325
326
3308
331
3314
3321
342
3440
348
355
3648
380
3826
403
406
411
412
417
418
419
420
424
425
426
800C
B29
B30
B34/35
C102
C104a
C108
DDD
E1
E2
GYM
REMOTE
VIRTUAL
